25	20.73	3	H+V
26	20.18	3	H+V
27	19.59	3	H+V
28	19.1	3	H+V
29	18.68	3	H+V
30	18.18	3	H+V
31	17.57	3	H+V
32	17.11	3	H+V
33	16.65	3	H+V
34	16.18	3	H+V
35	15.71	3	H+V
36	15.2	3	H+V
37	14.7	3	H+V
38	14.32	3	H+V
39	13.9	3	H+V
40	13.39	3	H+V
41	12.9	3	H+V
42	12.35	3	H+V
43	11.89	3	H+V
44	11.41	3	H+V
45	10.89	3	H+V
46	10.4	3	H+V
47	9.93	3	H+V
48	9.38	3	H+V
49	9.06	3	H+V
50	8.54	3	H+V
51	8.14	3	H+V
52	7.72	3	H+V
53	7.38	3	H+V
54	7.05	3	H+V
55	6.8	3	H+V
56	6.53	3	H+V
57	6.34	3	H+V
58	6.2	3	H+V
59	6.09	3	H+V
60	5.95	3	H+V
61	6.02	3	H+V
62	6	3	H+V
63	6.08	3	H+V
64	6.29	3	H+V
65	6.26	3	H+V
66	6.33	3	H+V
67	6.7	3	H+V
68	6.77	3	H+V
69	7.02	3	H+V
70	7.25	3	H+V
71	7.45	3	H+V
72	7.69	3	H+V
73	7.95	3	H+V
74	8.2	3	H+V
75	8.49	3	H+V
76	8.76	3	H+V
77	9.01	3	H+V
78	9.21	3	H+V
79	9.38	3	H+V
80	9.56	3	H+V
81	9.61	3	H+V
82	9.8	3	H+V
83	9.95	3	H+V
84	10.16	3	H+V
85	10.33	3	H+V
86	10.34	3	H+V
87	10.56	3	H+V
88	10.67	3	H+V
89	10.75	3	H+V
90	11.01	3	H+V
91	11.2	3	H+V
92	11.34	3	H+V
93	11.59	3	H+V
94	11.77	3	H+V
95	12.09	3	H+V
96	12.14	3	H+V
97	12.39	3	H+V
98	12.57	3	H+V
99	12.6	3	H+V
100	12.85	3	H+V
105	13.43	3	H+V
110	14.26	3	H+V
115	15.29	3	H+V
120	16.24	3	H+V
125	17.03	3	H+V
130	17.6	3	H+V
135	18.06	3	H+V
140	18.75	3	H+V
145	19.43	3	H+V
150	19.46	3	H+V
155	19.07	3	H+V
160	18.36	3	H+V
165	17.45	3	H+V
170	15.89	3	H+V
175	14.29	3	H+V
180	13.23	3	H+V
185	12.5	3	H+V
190	11.94	3	H+V
195	11.31	3	H+V
200	10.82	3	H+V
205	10.64	3	H+V
210	10.48	3	H+V
215	10.41	3	H+V
220	10.39	3	H+V
225	10.63	3	H+V
230	10.92	3	H+V
235	11.3	3	H+V
240	12.13	3	H+V
245	13.58	3	H+V
250	15.64	3	H+V
255	12.72	3	H+V
260	11.61	3	H+V
265	11.89	3	H+V
270	12.31	3	H+V
275	12.56	3	H+V
280	12.73	3	H+V
285	12.85	3	H+V
290	12.93	3	H+V
295	12.97	3	H+V
300	13	3	H+V
305	13.56	3	H+V
310	13.97	3	H+V
315	13.74	3	H+V
320	13.6	3	H+V
325	13.46	3	H+V
330	13.26	3	H+V
335	13	3	H+V
340	13.23	3	H+V
345	13.14	3	H+V
350	13.19	3	H+V
355	13.44	3	H+V
360	13.72	3	H+V
365	13.98	3	H+V
370	14.19	3	H+V
375	14.41	3	H+V
380	14.66	3	H+V
385	14.9	3	H+V
390	15.18	3	H+V
395	15.37	3	H+V
400	15.5	3	H+V
405	15.59	3	H+V
410	15.57	3	H+V
415	15.43	3	H+V
420	15.44	3	H+V
425	15.52	3	H+V
430	15.63	3	H+V
435	15.62	3	H+V
440	15.64	3	H+V
445	15.82	3	H+V
450	16.02	3	H+V
455	16.17	3	H+V
460	16.31	3	H+V
465	16.44	3	H+V
470	16.47	3	H+V
475	16.53	3	H+V
480	16.53	3	H+V
485	16.61	3	H+V
490	16.69	3	H+V
495	16.71	3	H+V
500	16.83	3	H+V
510	17.02	3	H+V
520	17.47	3	H+V
530	17.91	3	H+V
540	17.87	3	H+V
550	17.89	3	H+V
560	17.87	3	H+V
570	17.9	3	H+V
580	17.88	3	H+V
590	17.85	3	H+V
600	18.23	3	H+V
610	18.46	3	H+V
620	18.52	3	H+V
630	18.73	3	H+V
640	18.9	3	H+V
650	18.92	3	H+V
660	18.85	3	H+V
670	18.96	3	H+V
680	19.09	3	H+V
690	19.16	3	H+V
700	19.35	3	H+V
710	19.57	3	H+V
720	19.89	3	H+V
730	20.12	3	H+V
740	20.26	3	H+V
750	20.32	3	H+V
760	20.32	3	H+V
770	20.35	3	H+V
780	20.51	3	H+V
790	20.41	3	H+V
800	20.5	3	H+V
810	20.58	3	H+V
820	20.74	3	H+V
830	20.92	3	H+V
840	21.02	3	H+V
850	20.99	3	H+V
860	21.05	3	H+V
870	21.16	3	H+V
880	21.26	3	H+V
890	21.33	3	H+V
900	21.5	3	H+V
910	21.65	3	H+V
920	21.63	3	H+V
930	21.67	3	H+V
940	21.84	3	H+V
950	21.99	3	H+V
960	22.09	3	H+V
970	22.2	3	H+V
980	22.27	3	H+V
990	22.3	3	H+V
1000	22.34	3	H+V
1050	23.16	3	H+V
1100	23.73	3	H+V
1150	24.03	3	H+V
1200	24.22	3	H+V
1250	24.71	3	H+V
1300	25.11	3	H+V
1350	25.24	3	H+V
1400	25.54	3	H+V
1450	26.04	3	H+V
1500	26.1	3	H+V
1550	26.8	3	H+V
1600	27.3	3	H+V
1650	27.38	3	H+V
1700	27.64	3	H+V
1750	27.77	3	H+V
1800	28.38	3	H+V
1850	28.34	3	H+V
1900	28.88	3	H+V
1950	29.13	3	H+V
2000	28.86	3	H+V
2050	29.04	3	H+V
2100	29.64	3	H+V
2150	29.54	3	H+V
2200	30	3	H+V
2250	30.11	3	H+V
2300	30.22	3	H+V
2350	30.23	3	H+V
2400	30.41	3	H+V
2450	30.57	3	H+V
2500	30.89	3	H+V
2550	31.01	3	H+V
2600	31.33	3	H+V
2650	31.71	3	H+V
2700	31.86	3	H+V
2750	31.75	3	H+V
2800	32.02	3	H+V
2850	32.02	3	H+V
2900	32.85	3	H+V
2950	32.59	3	H+V
3000	32.9	3	H+V
3050	33.23	3	H+V
3100	32.92	3	H+V
3150	32.84	3	H+V
3200	33.15	3	H+V
3250	32.98	3	H+V
3300	33.24	3	H+V
3350	33.69	3	H+V
3400	33.5	3	H+V
3450	33.61	3	H+V
3500	34.17	3	H+V
3550	34.18	3	H+V
3600	34.08	3	H+V
3650	34.68	3	H+V
3700	34.91	3	H+V
3750	34.99	3	H+V
3800	34.9	3	H+V
3850	35.25	3	H+V
3900	34.39	3	H+V
3950	34.38	3	H+V
4000	34.86	3	H+V
4050	34.98	3	H+V
4100	35.23	3	H+V
4150	36.14	3	H+V
4200	35.76	3	H+V
4250	36.32	3	H+V
4300	36.97	3	H+V
4350	35.88	3	H+V
4400	36.08	3	H+V
4450	35.83	3	H+V
4500	35.72	3	H+V
4550	36.15	3	H+V
4600	36.15	3	H+V
4650	36.26	3	H+V
4700	36.35	3	H+V
4750	37.1	3	H+V
4800	37.16	3	H+V
4850	37.53	3	H+V
4900	37.68	3	H+V
4950	37.58	3	H+V
5000	37.06	3	H+V
5100	38.18	3	H+V
5200	36.93	3	H+V
5300	37.56	3	H+V
5400	38.91	3	H+V
5500	38.52	3	H+V
5600	38.81	3	H+V
5700	39.2	3	H+V
5800	39.42	3	H+V
5900	39.23	3	H+V
6000	39.49	3	H+V
6100	40.63	3	H+V
6200	41.53	3	H+V
6300	41.46	3	H+V
6400	41.84	3	H+V
6500	42.8	3	H+V
6600	42.91	3	H+V
6700	43.81	3	H+V
6800	45.44	3	H+V
6900	45.86	3	H+V
7000	47.68	3	H+V
